|   59057792 |
|   10889601 |
|   36168806 |
|   46794464 |
|   30218567 |
|   43416326 |
|   18927141 |
|   24518212 |
|   12237830 |
|   17927718 |
|   52312869 |
|   23957318 |
|   30417318 |
|   35527463 |
|   47886951 |
|   32305890 |
|   40944001 |
|   11484962 |
|   10603495 |
|   28077922 |
|   33868740 |
|   15191270 |
|    8075589 |
|   30864451 |
|   49474597 |
|   19738853 |
|   15036034 |
|   51759617 |
|   14614786 |
|   53650310 |
|   34130272 |
|    4720454 |
|   21140833 |
|   40462630 |
|   53092067 |
|     551136 |
|   34551296 |
|   46147206 |
|   21135524 |
|   32699424 |
|   37707840 |
|   47969124 |
|   31826535 |
|   43328641 |
|    3861123 |
|   27529377 |
|   51748135 |
|   28309383 |
|    6210853 |
|   53972800 |
|   12251526 |
|   29749060 |
|   51041954 |
|   58673379 |
|     983201 |
|   40449575 |
|    6517825 |
|   46757697 |
|   53066306 |
|   43245189 |
|   54188961 |
|   49896961 |
|   16089345 |
|   22789733 |
|   42146816 |
|   24581062 |
|    1436544 |
|    4702759 |
|    7611718 |
|   58684996 |
|   10408580 |
|   46678469 |
|   23166179 |
|   13563296 |
|   53397509 |
|   55722822 |
|   51253283 |
|   16139072 |
|   12331750 |
|   36910982 |
|   48943904 |
|   19427463 |
|    9816576 |
|    4439686 |
|   29109127 |
|   57968195 |
|   52935685 |
|   55807047 |
|    3342468 |
|   23062983 |
|   37683008 |
|   18353314 |
|   50172704 |
|    7379172 |
|   49519297 |
|   34343042 |
|   24923202 |
|    7165026 |
|   53623108 |
|   33414662 |
|   33836992 |
|   33002339 |
|   15738658 |
|   59313570 |
|   39710883 |
|   34590402 |
|   26584295 |
|   11120293 |
|      29158 |
|    6222658 |
|   45581186 |
|   59237092 |
|   14389831 |
|   37004583 |
|    1544643 |
|   43491654 |
|   57743845 |
|   45968358 |
|   18965830 |
|   47058404 |
|   30976483 |
|    7887841 |
|   23861472 |
|   48862754 |
|   30702500 |
|   33140323 |
|   13432994 |
|   41396289 |
|   36420615 |
|   50839616 |
|   41588929 |
|   25332608 |
|    4134341 |
|   43846177 |
|    7456839 |
|   57823175 |
|    6292038 |
|   25109123 |
|   37307554 |
|   52458145 |
|   58982979 |
|   53938401 |
|   33026341 |
|   21296295 |
|   15157120 |
|   43952871 |
|   17361729 |
|   41662242 |
|   28184576 |
|   46892804 |
|    2995076 |
|   28911364 |
|   19960768 |
|   34142818 |
|    7549735 |
|   49739366 |
|   34216164 |
|   38465697 |
|   32054309 |
|   39837541 |
|   32937312 |
|   54840071 |
|   58547488 |
|   58919845 |
|   49172291 |
|   38397669 |
|   31165796 |
|   16783360 |
|   20649506 |
|   31855814 |
|   38643041 |
|   20524164 |
|   44542087 |
|   40753383 |
|   44800711 |
|   56240807 |
|   16020773 |
|   42021606 |
|   35999840 |
|   32148069 |
|   18188388 |
|   14544192 |
|    9615783 |
|    9436480 |
|   38422560 |
|   49453025 |
|   12285222 |
|    6651397 |
|   20324257 |
|   23906277 |
|    3767271 |
|   18871616 |
|   44232641 |
|   57173283 |
|   55747171 |
|    4806726 |
|    2662214 |
|   44178691 |
|   19546182 |
|   23338693 |
|   44769410 |
|   46486080 |
|   54796358 |
|   10906593 |
|    4527553 |
|   19628135 |
|   15394692 |
|   21213895 |
|   55799200 |
|   18923648 |
|    8433440 |
|    5984582 |
|   41274690 |
|    8639938 |
|   41325120 |
|   59930883 |
|   31192034 |
|   49608135 |
|   58441889 |
|   40356833 |
|   47773829 |
|   10612710 |
|   37128899 |
|   50277955 |
|   12809282 |
|       6882 |
|   59138305 |
|   51184261 |
|   12353700 |
|   35542498 |
|   22017989 |
|   49864035 |
|   38488484 |
|   38562980 |
|   37828134 |
|    9128386 |
|   43207233 |
|   17701571 |
|   49931207 |
|   43438883 |
|   43906817 |
|   28584225 |
|   20714883 |
|   15955906 |
|   19232581 |
|   33928775 |
|   27027302 |
|   22291718 |
|   46834406 |
|   52357185 |
|   11028230 |
|   11785570 |
|   27580742 |
|   28506404 |
|   56217669 |
|    4267751 |
|   17301668 |
|   31105221 |
|   52415075 |
|   16215716 |
|   37023521 |
|   52993379 |
|   48881602 |
|   34201984 |
|   55226209 |
|    2761378 |
|   40714112 |
|   23711776 |
|   18869634 |
|   56497062 |
|   34509573 |
|   51031042 |
|   20693186 |
|   59417473 |
|    6515330 |
|   25243237 |
|   26587169 |
|   51532000 |
|    8319046 |
|   43423427 |
|   22040514 |
|   20662370 |
|    4290656 |
|   14392483 |
|    5296167 |
|   50776837 |
|   36866503 |
|   39492870 |
|   45053063 |
|   42891712 |
|   30615650 |
|   28378659 |
|   17612003 |
|   28092902 |
|   39702437 |
|   20038309 |
|    1481925 |
|    4259524 |
|   13841255 |
|   23794694 |
|   48300454 |
|   29122912 |
|   18302693 |
|   48314274 |
|   42262528 |
|   12314084 |
|   31450375 |
|   36667107 |
|   30332516 |
|   55385158 |
|    8590657 |
|   54185891 |
|   23129479 |
|   43322471 |
|    1845057 |
|   27247074 |
|    8231942 |
|   42359809 |
|   19730468 |
|   56516384 |
|   51155008 |
|   40876003 |
|   44331334 |
|   52340710 |
|   48526950 |
|   33274246 |
|     735366 |
|   46096647 |
|   17016006 |
|   32161635 |
|   30728833 |
|   29326886 |
|   34472643 |
|   34181762 |
|   31041542 |
|   30775045 |
|   28916832 |
|    2806245 |
|   40705506 |
|   55084354 |
|   11599171 |
|    2329187 |
|   55876839 |
|   56741287 |
|   52426951 |
|   22253443 |
|   26707522 |
|   49704768 |
|    3883783 |
|   22855844 |
|   19157927 |
|   51409728 |
|   46226405 |
|   10442629 |
|   22897223 |
|   12563331 |
|   39732833 |
|    2199712 |
|   26458949 |
|   38363558 |
|    1742403 |
|   23813318 |
|   40685988 |
|   45897379 |
|   12378086 |
|   23660263 |
|     565574 |
|   26977863 |
|   15071267 |
|   33162084 |
|    6899299 |
|   31018979 |
|   12906020 |
|    7810823 |
|    3043270 |
|   42997059 |
|   31536773 |
|   36828227 |
|    5007490 |
|   27729440 |
|   22408480 |
|    9304229 |
|   17457767 |
|   47688132 |
|   22513536 |
|   33899427 |
|   14891232 |
|   42681408 |
|   57137254 |
|   24690087 |
|   59565889 |
|   55229349 |
|    2366755 |
|   27034435 |
|    4722021 |
|    9506693 |
|   53395493 |
|   24281478 |
|   18200676 |
|   49671844 |
|   38926278 |
|   19217698 |
|   19851237 |
|   30338976 |
|   18152960 |
|   27531430 |
|   19730208 |
|   32766721 |
|   56968864 |
|   37282215 |
|   25797412 |
|   56089923 |
|   37874913 |
|   36327201 |
|   14046658 |
|   13165024 |
|    6581665 |
|   23245603 |
|   43609317 |
|    2096705 |
|   15104033 |
|   10858721 |
|   39949734 |
|   15572326 |
|   54849831 |
|   40021697 |
|   32393895 |
|   54409761 |
|    9827201 |
|   54765253 |
|   48301091 |
|   37591043 |
|   17929698 |
|   51063047 |
|   46098247 |
|    5746311 |
|   20315522 |
|   59993957 |
|   49461377 |
|   30567815 |
|   16416640 |
|    2869152 |
|   14211942 |
|   53407847 |
|   17812705 |
|   38656259 |
|   27658564 |
|   30008928 |
|   44886083 |
|   53601824 |
|   44143908 |
|   35922529 |
|    5156581 |
|   29294434 |
|   41277440 |
|    2745894 |
|    4739650 |
|   35098820 |
|   24319555 |
|   41064486 |
|   13185729 |
|   42290181 |
|   15960071 |
|   32937731 |
|   13683589 |
|   44257860 |
|   55342658 |
|   53101121 |
|   13393635 |
|   21312615 |
|   32338533 |
|    5832321 |
|   14875232 |
|   58390470 |
|   45889221 |
|   48085603 |
|    1263015 |
|   43997089 |
|   52826116 |
|   29089474 |
|    9782273 |
|   46837987 |
|   24378656 |
|   18449123 |
|   10678725 |
|   21530176 |
|   40376484 |
|   35383045 |
|    7062629 |
|   41068385 |
|   34764101 |
|   30768103 |
|    6091649 |
|   43980355 |
|   13837220 |
|   35893095 |
|   58647078 |
|   45460769 |
|   44883872 |
|   34748294 |
|   21057986 |
|   30356293 |
|   20386147 |
|   46777222 |
|    5489475 |
|   48920836 |
|   26465922 |
|    8754087 |
|   28546531 |
|   58000519 |
|   52032003 |
|   57974274 |
|   38914978 |
|   47452993 |
|   16424550 |
|   54915267 |
|   49847329 |
|   25859617 |
|   19094241 |
|    6203745 |
|   32624836 |
|    8073922 |
|   52679876 |
|   31831749 |
|     857959 |
|   17366275 |
|   28447970 |
|   20971013 |
|   42378407 |
|   33615872 |
|   23671233 |
|    7125602 |
|    8028004 |
|   48307430 |
|    1474818 |
|   15373056 |
|   29731045 |
|   50380160 |
|   21973952 |
|   58504644 |
|   51929955 |
|   57524647 |
|    7235014 |
|   45231655 |
|   24979495 |
|   31932481 |
|    5849444 |
|   13971749 |
|   56788359 |
|    6082306 |
|   46685344 |
|   39395047 |
|   31677313 |
|    5200102 |
|   38093280 |
|   38728164 |
|   18762278 |
|   12701702 |
|   10805828 |
|   10740227 |
|    2232932 |
|   12099683 |
|   37531878 |
|   47953029 |
|    2942469 |
|   33954756 |
|   44890534 |
|   55864096 |
|   47880193 |
|   28800353 |
|   11231077 |
|   29805379 |
|     502886 |
|    4745607 |
|    8574884 |
|   22098118 |
|   11141606 |
|   28346247 |
|   39455748 |
|   12845285 |
|   20016800 |
|   24813703 |
|   32122243 |
|   57324993 |
|    4478371 |
|   14577123 |
|   31587747 |
|   10184165 |
|   32579840 |
|   17272195 |
|   27458500 |
|   44723233 |
|   18367712 |
|   51553093 |
|    3037414 |
|    1971680 |
|   22470437 |
|    9727175 |
|   56952741 |
|   32991271 |
|   39154146 |
|   34937604 |
|   47071686 |
|   16801991 |
|   31601378 |
|   52566243 |
|   22220514 |
|   26011682 |
|   53246051 |
|   26471747 |
|   49619845 |
|   37775877 |
|     967334 |
|   51841767 |
|   31121184 |
|   20676097 |
|   52469894 |
|   54375559 |
|   48395044 |
|   17668135 |
|    8506019 |
|    8991333 |
|   39353991 |
|   33450849 |
